ID,OUT,ACC,REJ,IN,DROP
6bc5c50a988cb55f,10,9,1,10,7
285eb1ccac7be0d9,24,11,13,24,12
dddbf6bd1694958f,9,6,3,9,6
51d3d8bed4d26b00,12,10,2,12,7
d3014652c67d10ac,16,13,3,16,13
1db8016f69e2f804,9,8,1,9,5
4baa15073564e1d0,9,7,2,9,7
9bbc3c1cb254edb1,12,11,1,12,6
a5c5695f12c582eb,13,10,3,13,5
eda4b0e3d6f250ac,18,12,6,18,10
da8c997d634c7354,14,11,3,14,14
cd28bbd57f95ca72,14,10,4,14,8
b1bc2cc40f7df763,6,6,0,6,1
6aea9597804b699e,5,5,0,5,0
423accc1125535b8,7,6,1,7,3
b6465fa71e4731c1,11,8,3,11,4
0fac05c0890c6ce4,10,7,3,10,3
a5a62214360620ed,6,5,1,6,0
73462334c699af7b,6,5,1,6,0
eff8d019a866e8d4,7,6,1,7,1
c1b95538af77ea99,7,6,1,7,2
da787a338cc11316,9,6,3,9,2
ab9f0431f77c5270,7,6,1,7,4
7ee1f07d5542ff84,8,8,0,8,5
c99eeeb89cfe530a,8,7,1,8,5
0eab27702380de70,10,9,1,10,8
0217cd720e65b30b,13,9,4,13,6
b73c145d1e1b5fa5,9,7,2,9,4
bd2cca85159f1f06,10,7,3,10,4
b58cf8aeef614651,8,7,1,8,7
239c019731fb127c,11,9,2,11,8
9fc7eda68989cc44,12,7,5,12,5
c3369a30ef2f79e6,8,8,0,8,3
2966c2bb8af2b166,10,8,2,10,6
2832380d53e7a97c,7,7,0,7,6
d501ba2e8def4a60,6,6,0,6,2
25bf84dd7520632d,11,10,1,11,9
727ec88e914a003a,13,9,4,13,5
c4d0a090b3041cc4,18,13,5,18,11
c3b1d7447fb0ff29,14,10,4,14,6
9c0ce379ec4ed836,7,6,1,7,4
b59a5edf4d0d321e,5,5,0,5,1
033452de0adc3c60,17,12,5,17,9
38702d7c1992ed33,8,7,1,8,5
5cfb8cf41d9bf4fc,9,8,1,9,10
ce246771d7219ee8,9,7,2,9,8
4b2c2995bab04fb4,11,8,3,11,4
c81444ac890e4375,10,9,1,10,8
26120bcafa7374a7,18,13,5,18,11
40c22b7dc1247e78,9,8,1,9,8
5e0ef8e17c4313bd,10,8,2,10,8
193ad6c2670c7f21,21,11,10,21,10
e9b97f62e82800f0,14,10,4,14,11
6dd33a3f75d36983,10,9,1,10,7
06a39808f11574a2,24,10,14,24,11
13f50fafb1458065,15,12,3,15,13
fc04f9f2df08f2e1,18,13,5,18,11
2d0fe882404298cc,17,9,8,17,7
6f4b63fef566d471,12,9,3,12,8
b0137e18c68dfb59,16,11,5,16,7
a5cabcb82d1fc11d,30,14,16,30,14
d5ff6d1dec82fe10,13,9,4,13,9
4fa6e7997b8c662f,17,12,5,17,12
f72a9ceddae41ee3,10,8,2,10,7
40f065a432aa6282,21,12,9,21,13
c5aca77322dec985,15,9,6,15,8
6a4e6cc9394a7f6b,7,6,1,7,7
f63d8445922a9d92,18,12,6,18,13
79b070107d4e1455,14,8,6,14,12
c4c0e0f95f95083a,10,9,1,10,7
513358df968b1504,16,10,6,16,9
863f597bb24c52dc,6,5,1,6,7
8a0e756c9fd829b3,18,12,6,18,14
27f3eeae493ee834,12,11,1,12,8
c3653e747b26e2b9,13,9,4,13,6
49846e83fe57c6aa,15,11,4,15,11
c8d163caca6734d2,16,10,6,16,8
af0aced75d450a1d,18,13,5,18,12
f40afc71e662b54b,14,9,5,14,10
c3d01e345bfe400d,11,7,4,11,7
7895f7c38bec37ad,14,9,5,14,10
d9a9d19c397fdf2d,20,10,10,20,8
d0618bb11495baf5,17,11,6,17,10
3196c468c7ae503a,12,10,2,12,10
4c7c50b59328c991,10,9,1,10,9
f03c1d8fcfd48ac7,21,10,11,21,11
8e25c70ba4e0ed45,19,10,9,19,6
28f618106fa25726,10,9,1,10,9
dec77c94af66cb63,15,11,4,15,10
4e0096f2c37bee1c,17,11,6,17,11
84280e2222626eb5,14,10,4,14,8
bee2ca184a7b782b,11,8,3,11,11
f370044201f2a7ed,25,11,14,25,11
be28d5b00f00ee85,16,10,6,16,8
d1e6755cb86f2927,12,9,3,12,8
5c8557c0283cfe43,15,11,4,15,10
c12b1f7993740403,19,7,12,19,7
164bece28100057c,19,12,7,19,12
45423bcf1ac3199c,19,10,9,19,6
acf4cf5c02160e6c,10,8,2,10,9
d3413ab248d09986,26,14,12,26,11
f15cef10be5d926d,20,10,10,20,16
5260bfa487366caa,16,11,5,16,12
6671bd5ba8a7b42c,14,8,6,14,7
afd9f5d7a07a7efb,21,11,10,21,10
95a438212d3a4daf,20,11,9,20,10
404bdc13bea13c1f,21,14,7,21,14
36e921782011f965,21,12,9,21,14
29143cc7d4fae285,8,8,0,8,9
7945e33061dfc85d,11,7,4,11,10
9a86f8c613ab9be0,15,10,5,15,11
d16c0ad57534795c,10,7,3,10,9
4b31e4af175bdf6f,8,8,0,8,11
3e959ad4210e832e,12,10,2,12,14
5d02a8399cc77681,14,8,6,14,8
c547b3940c0a5733,13,10,3,13,11
049207f1cd5b3fa8,10,8,2,10,8
360918a5785bc113,16,7,9,16,7
9331fc3428077cdc,16,9,7,16,9
60f266c5f4ea3faa,17,12,5,17,15
e5d16e33032a46d1,28,16,12,28,19
717036da23dd6c08,23,13,10,23,17
1bc255517a6aa324,13,10,3,13,7
90b1901ba97cd545,7,7,0,7,8
e2cf4353899f71a1,8,7,1,8,8
6f0e95764863e8fb,18,14,4,18,14
1024f22990eae3a5,13,9,4,13,9
df56a4da4096eb3e,19,10,9,19,10
9724864b18ada57a,10,9,1,10,7
bc595ce49c5f9532,11,8,3,11,10
cac6c8631c30f574,16,9,7,16,12
ffa073edc4de4e53,8,7,1,8,6
bdd38f0887b8674a,11,7,4,11,6
1648356466af2f6a,8,8,0,8,10
589a33b8ace35aa3,14,10,4,14,9
66d645848d621a3f,22,15,7,22,14
e987a77b0189ed05,17,11,6,17,12
62ad8a88fb888c6c,18,13,5,18,12
69108e5aa84d0ae4,14,9,5,14,9
3cac93b045708cf1,9,8,1,9,7
8aa0cbb1d6b29897,16,10,6,16,10
f28428d4e5289fbc,19,12,7,19,12
917b63ae94ff924a,19,10,9,19,11
76d1732171aef5c7,13,10,3,13,13
263bd4d580a7eef6,14,8,6,14,10
0f6c9412ae458d27,16,10,6,16,12
417a89ef6ac5f458,21,10,11,21,11
3ccd0e07a7a7897f,11,9,2,11,9
a43185249bf44cfe,13,10,3,13,9
0ece70a575e0ecf4,12,8,4,12,8
0de11999fb991fa7,22,12,10,22,13
6269a513fc1d6655,9,9,0,9,9
730947cefbb94d5a,8,7,1,8,7
6b2e1feb71b3e7ce,11,9,2,11,7
fadf53f8487f34d7,11,8,3,11,7
c4af98658dec1910,10,8,2,10,10
7e839eff7522b603,20,10,10,20,10
11021c52add78d9b,15,11,4,15,11
38873525ec0d1bbe,17,11,6,17,11
cae9b0db5f4cd1ea,18,7,11,18,5
5058dc5ae1daa44c,17,12,5,17,12
f88ba5b652283013,12,10,2,12,10
a90976d3d9b6f13c,6,6,0,6,8
f48f712e48d35cc1,21,14,7,21,14
ba9e212b7a72a3f7,15,10,5,15,13
9542b1463eca9481,9,7,2,8,6
c2bbd2d2fba98e70,9,9,0,9,8
33764a2e495a4a01,12,10,2,12,12
3ea1c60b514f6f55,16,13,3,16,14
5d0b79ae946ebae7,16,10,6,16,9
319eedbdad21a1e6,8,7,1,8,8
c9e601579d88b948,9,7,2,9,3
7bcae368cadb2b29,13,10,3,13,9
996b4daf83c09243,9,8,1,9,6
b4ad06db1d86d810,15,9,6,15,8
d53a0d5960a67ea6,17,11,6,17,9
60bfc33e6955d337,8,8,0,8,10
1dee24206e4da75a,18,9,9,18,10
a618761305cbf82e,10,8,2,10,5
33d96b945baa4c02,10,9,1,10,8
b0f448cf1d6d5581,17,12,5,17,11
da8be92f5bab5777,6,6,0,6,4
7ac1c3c42dc37db5,11,9,2,11,9
795b21c90f339638,25,11,14,25,8
8045e586bb65fb6c,8,7,1,8,5
024d9a098f1b0314,18,11,7,18,11
69d284244ee23466,10,8,2,10,10
334a9570ac519f94,10,8,2,10,9
74d364bec1554680,14,7,7,14,4
ce9cdffa1d8b6633,8,8,0,8,8
021d3679b5c13699,19,12,7,19,13
d67a4d68a82e2008,15,11,4,15,12
cc41bc84a4480914,11,8,3,11,7
4c9fa5be60821e00,16,8,8,16,6
04e4836c208626f8,8,7,1,8,4
d5c3cf4915567ad1,17,10,7,17,9
ca773b219e8d81bf,14,10,4,14,10
2ae7513e077adee3,12,10,2,12,8
cf45c626556824f9,17,11,6,17,10
324af58cb706ee3d,10,8,2,10,6
9062c8749fe60daa,20,9,11,20,8
Avg,+Inf,+Inf,+Inf,+Inf,+Inf
